0.07
0.12
0.18
0.15
0.17
0.15
0.12
0.08
0.07
0.08
0.08
0.08
0.17
0.16
0.16
0.13
0.10
0.01
-0.01
-0.03
-0.04
-0.05
-0.03
-0.02
-0.02
-0.07
-0.13
-0.18
-0.23
-0.31
-0.35
-0.33
-0.31
-0.30
-0.28
-0.23
-0.23
-0.26
-0.23
-0.21
-0.22
-0.24
-0.15
-0.05
-0.01
0.05
0.15
0.17
0.18
0.18
0.16
0.13
0.12
0.10
0.13
0.10
0.10
0.06
0.09
0.06
0.04
-0.03
-0.02
-0.05
-0.09
-0.11
-0.10
-0.12
-0.14
-0.18
-0.18
-0.22
-0.23
-0.30
-0.24
-0.24
-0.26
-0.25
-0.13
-0.16
-0.16
-0.16
-0.11
-0.17
-0.14
-0.14
-0.10
-0.11
-0.08
-0.06
0.01
0.01
0.02
0.03
0.04
0.01
0.02
0.01
0.05
0.03
0.04
0.02
0.06
-0.00
0.02
-0.01
-0.01
-0.05
-0.01
-0.05
-0.02
-0.06
-0.08
-0.05
-0.06
-0.16
-0.09
-0.12
-0.15
-0.18
-0.15
-0.19
-0.18
-0.14
-0.15
-0.21
-0.12
-0.11
-0.14
-0.09
-0.04
-0.10
-0.08
-0.04
-0.05
-0.03
-0.06
-0.02
-0.09
-0.10
-0.10
-0.01
-0.08
-0.14
-0.06
-0.12
-0.11
-0.10
-0.12
-0.09
-0.02
-0.09
-0.11
-0.06
-0.04
-0.12
-0.13
-0.09
-0.01
-0.10
-0.04
-0.05
-0.14
-0.14
0.01
-0.04
-0.11
-0.04
-0.08
-0.12
-0.04
-0.08
-0.08
-0.04
-0.04
-0.04
-0.09
0.03
-0.07
-0.16
-0.00
-0.04
-0.09
-0.06
-0.07
-0.13
-0.05
-0.08
-0.11
-0.15
-0.05
-0.07
-0.12
-0.07
-0.06
0.01
-0.02
-0.06
-0.04
-0.07
-0.14
-0.08
-0.05
-0.09
-0.13
-0.06
-0.03
-0.15
-0.08
-0.02
-0.07
-0.11
-0.05
-0.09
-0.09
-0.05
-0.05
-0.06
-0.08
-0.03
-0.05
-0.06
-0.05
-0.04
-0.06
-0.05
-0.09
-0.05
-0.06
-0.09
-0.05
-0.09
-0.12
-0.06
0.03
-0.09
-0.08
-0.06
-0.06
-0.05
-0.03
-0.04
-0.08
-0.04
-0.04
-0.05
-0.04
-0.09
-0.12
-0.09
-0.04
-0.08
-0.06
-0.05
-0.14
-0.09
-0.05
-0.08
-0.09
-0.07
-0.09
-0.10
-0.07
-0.01
-0.07
-0.09
-0.07
-0.08
-0.07
-0.05
-0.10
-0.07
-0.05
-0.03
-0.07
-0.06
-0.06
-0.04
-0.05
-0.04
-0.05
-0.06
-0.04
-0.03
-0.07
-0.07
-0.06
-0.06
-0.07
-0.07
-0.08
-0.10
-0.09
-0.09
-0.07
-0.08
-0.07
-0.09
-0.06
-0.06
-0.09
-0.09
-0.06
-0.08
-0.07
-0.05
-0.07
-0.09
-0.07
-0.06
-0.07
-0.08
-0.09
-0.08
-0.08
-0.08
-0.08
-0.07
-0.06
-0.06
-0.07
-0.07
-0.07
-0.07
-0.07
-0.07
-0.07
-0.09
-0.07
-0.06
-0.07
-0.10
-0.07
-0.08
-0.08
-0.07
-0.08
-0.09
-0.09
-0.07
-0.07
-0.08
-0.06
-0.06
-0.07
-0.07
-0.05
-0.05
-0.05
-0.04
-0.05
-0.05
-0.07
-0.06
-0.07
-0.06
-0.07
-0.06
-0.07
-0.08
-0.08
-0.07
-0.07
-0.07
-0.09
-0.07
-0.08
-0.08
-0.08
-0.08
-0.08
-0.08
-0.07
-0.08
-0.08
-0.07
-0.07
-0.07
-0.07
-0.07
-0.07
-0.07
-0.06
-0.07
-0.07
-0.07
-0.07
-0.06
-0.06
-0.06
-0.08
-0.07
-0.07
-0.08
-0.07
-0.07
-0.08
-0.07
-0.07
-0.06
-0.05
-0.05
-0.06
-0.04
-0.06
-0.05
-0.06
-0.06
-0.07
-0.06
-0.07
-0.07
-0.08
-0.07
-0.07
-0.07
-0.08
-0.08
-0.09
-0.08
-0.08
-0.08
-0.07
-0.07
-0.07
-0.06
-0.07
-0.07
-0.06
-0.06
-0.06
-0.06
-0.05
-0.06
-0.07
-0.07
-0.06
-0.07
-0.07
-0.07
-0.07
-0.07
-0.07
-0.07
-0.06
-0.07
-0.06
-0.06
-0.06
-0.06
-0.06
-0.07
-0.06
-0.07
-0.06
-0.06
-0.06
-0.06
-0.07
-0.07
-0.07
-0.08
-0.07
-0.07
-0.07
-0.07
-0.07
-0.07
-0.07
-0.08
-0.07
-0.08
-0.06
-0.07
-0.07
-0.07
-0.07
-0.07
-0.07
-0.07
-0.07
-0.07
-0.07
-0.07
-0.07
-0.07
-0.07
-0.08
-0.08
-0.08
-0.08
-0.08
-0.08
-0.07
-0.07
-0.07
-0.08
-0.07
-0.07
-0.07
-0.08
-0.07
-0.08
-0.08
-0.08
-0.08
-0.08
-0.07
-0.07
-0.06
-0.07
-0.06
-0.07
-0.06
-0.07
-0.08
-0.07
-0.07
-0.07
-0.08
-0.07
-0.07
-0.07
-0.07
-0.07
-0.07
-0.07
-0.07
-0.07
-0.06
-0.07
-0.07
-0.08
-0.08
-0.08
-0.08
-0.08
-0.08
-0.07
-0.08
-0.08
-0.07
-0.07
-0.07
-0.07
-0.06
-0.08
-0.07
-0.08
-0.04
-0.06
-0.06
-0.07
-0.08
-0.09
-0.09
-0.09
-0.08
-0.07
-0.08
-0.05
-0.06
-0.06
-0.06
-0.08
-0.07
-0.06
-0.08
-0.07
-0.07
-0.07
-0.06
-0.06
-0.07
-0.06
-0.07
-0.07
-0.08
-0.08
-0.07
-0.09
-0.08
-0.06
-0.07
-0.05
-0.07
-0.08
-0.04
-0.09
-0.06
-0.04
-0.09
-0.01
-0.03
0.08
0.01
-0.18
-0.26
-0.04
-0.12
-0.10
-0.07
-0.08
-0.09
-0.03
-0.10
-0.09
-0.12
-0.12
-0.05
-0.09
-0.08
-0.03
-0.12
-0.05
0.02
-0.10
-0.08
-0.06
-0.08
-0.06
-0.07
-0.07
-0.09
-0.07
-0.05
-0.05
-0.07
-0.08
-0.08
-0.10
-0.07
-0.11
-0.08
-0.10
-0.05
-0.10
-0.09
-0.09
-0.09
-0.05
-0.08
-0.06
-0.09
-0.07
-0.06
-0.07
-0.07
-0.06
-0.05
-0.07
-0.07
-0.06
-0.06
-0.06
-0.06
-0.08
-0.08
-0.02
-0.09
-0.07
-0.05
-0.10
-0.08
-0.07
-0.08
-0.05
-0.13
-0.08
-0.05
-0.10
-0.07
-0.07
-0.11
-0.09
-0.05
-0.10
-0.09
-0.09
-0.07
-0.05
-0.07
-0.09
-0.05
-0.05
-0.04
-0.03
-0.04
-0.08
-0.01
-0.03
-0.05
-0.02
-0.06
-0.04
-0.06
-0.04
-0.08
-0.10
-0.12
-0.14
-0.16
-0.23
-0.24
-0.23
-0.29
-0.24
-0.21
-0.22
-0.17
-0.09
-0.11
-0.07
-0.02
0.06
0.07
0.06
0.09
0.16
0.19
0.20
0.20
0.14
0.17
0.15
0.10
0.11
0.05
-0.03
-0.05
-0.09
-0.15
-0.20
-0.31
-0.48
-0.53
-0.68
-0.80
-0.78
-0.63
-0.26
-0.11
0.09
0.32
0.46
0.47
0.31
0.16
0.03
-0.12
-0.28
-0.23
-0.16
-0.07
0.06
0.24
0.48
0.38
0.44
0.33
0.25
-0.08
-0.16
-0.24
-0.25
-0.26
-0.16
-0.05
-0.07
-0.05
-0.15
-0.19
-0.39
-0.51
-0.70
-0.80
-0.96
-0.99
-0.05
0.07
0.14
0.31
0.87
0.82
0.37
-0.01
0.06
-0.06
-0.58
-0.25
-0.26
0.03
0.21
0.31
0.78
0.63
0.34
0.13
0.17
-0.34
-0.46
-0.57
-0.33
-0.30
-0.19
0.03
0.12
-0.02
-0.21
-0.27
-0.66
-1.00
-1.00
-1.00
-0.21
0.04
-0.01
0.59
1.00
1.00
0.42
0.04
-0.06
-0.36
-0.73
-0.45
-0.30
-0.14
0.21
0.72
0.98
0.83
0.50
0.37
0.15
-0.44
-0.54
-0.50
-0.36
-0.36
-0.09
0.12
0.17
-0.07
-0.09
-0.23
-0.61
-1.00
-1.00
-1.00
-0.59
-0.14
0.11
0.42
1.00
1.00
0.59
0.25
-0.12
-0.30
-0.62
-0.66
-0.44
-0.25
0.08
0.52
0.94
0.96
0.79
0.44
0.22
-0.14
-0.58
-0.52
-0.44
-0.27
-0.18
0.08
0.22
0.16
-0.00
-0.12
-0.33
-0.78
-1.00
-1.00
-1.00
-1.00
-0.18
0.12
0.53
1.00
1.00
1.00
0.31
-0.12
-0.26
-0.59
-0.73
-0.46
-0.31
0.17
0.41
0.82
1.00
0.91
0.47
0.20
-0.06
-0.49
-0.53
-0.54
-0.24
-0.16
0.07
0.21
0.26
0.11
-0.10
-0.35
-0.74
-1.00
-1.00
-1.00
-1.00
-1.00
0.03
0.43
0.67
1.00
1.00
0.51
0.18
-0.23
-0.30
-0.53
-0.63
-0.29
-0.06
0.21
0.61
1.00
1.00
0.70
0.34
0.13
-0.22
-0.54
-0.57
-0.47
-0.27
-0.07
0.12
0.24
0.23
0.07
-0.16
-0.46
-0.72
-0.92
-1.00
-1.00
-1.00
-1.00
-0.30
0.31
0.66
0.50
0.77
0.89
0.35
0.07
-0.17
-0.23
-0.38
-0.33
-0.10
0.29
0.41
0.65
0.86
0.84
0.41
0.02
-0.12
-0.27
-0.52
-0.58
-0.36
-0.13
0.02
0.09
0.13
0.03
-0.16
-0.37
-0.54
-0.66
-0.81
-0.79
-0.65
-0.51
-0.52
-0.55
-0.10
0.59
0.34
0.06
0.18
0.36
0.02
-0.03
-0.06
0.20
-0.01
0.14
0.41
0.51
0.30
0.35
0.35
0.29
-0.03
-0.24
-0.20
-0.22
-0.33
-0.24
-0.14
-0.09
-0.10
-0.07
-0.10
-0.30
-0.39
-0.34
-0.43
-0.34
-0.27
-0.24
-0.26
-0.15
-0.03
-0.11
-0.10
-0.04
-0.13
-0.23
-0.32
-0.26
-0.18
-0.06
0.05
0.11
0.16
0.20
0.17
0.18
0.15
0.17
0.14
0.05
0.04
0.06
-0.02
0.01
0.06
0.01
0.04
0.00
-0.11
-0.04
-0.12
-0.16
-0.19
-0.17
-0.24
-0.17
-0.22
-0.20
-0.15
-0.23
-0.08
-0.14
-0.14
-0.19
-0.18
-0.21
-0.12
-0.19
-0.01
-0.08
-0.01
-0.01
-0.09
-0.07
0.03
-0.09
0.15
-0.07
0.04
0.04
-0.03
0.03
0.10
-0.07
0.01
-0.08
-0.14
-0.05
-0.08
-0.14
-0.06
-0.17
-0.05
-0.10
-0.12
0.02
-0.14
0.02
-0.12
-0.08
-0.03
-0.18
0.02
-0.15
0.02
-0.05
-0.14
-0.01
-0.10
-0.07
-0.09
-0.10
-0.04
-0.14
-0.04
-0.03
-0.03
-0.11
0.01
-0.10
0.03
-0.11
-0.04
-0.07
-0.14
-0.06
-0.08
-0.10
-0.07
-0.08
-0.10
-0.08
-0.12
-0.07
-0.09
-0.15
-0.07
-0.09
-0.01
-0.08
-0.05
-0.02
-0.00
-0.08
0.01
-0.10
-0.08
-0.02
-0.12
-0.01
-0.07
-0.08
-0.07
-0.10
-0.01
-0.08
-0.12
0.01
-0.11
-0.06
-0.09
-0.12
-0.11
-0.05
-0.11
-0.07
-0.05
0.01
-0.14
-0.03
-0.06
-0.10
-0.06
-0.18
0.02
-0.20
-0.05
-0.05
-0.14
0.04
-0.15
0.03
-0.12
-0.02
-0.03
-0.16
0.02
-0.10
-0.06
-0.05
-0.13
0.01
-0.12
-0.02
-0.16
-0.08
-0.11
-0.13
-0.07
-0.09
-0.11
-0.08
-0.15
-0.06
-0.09
-0.07
-0.01
-0.08
-0.03
-0.09
-0.05
-0.07
-0.06
-0.05
-0.05
-0.09
0.01
-0.11
-0.07
-0.01
-0.14
0.04
-0.10
-0.12
0.03
-0.10
0.01
-0.07
-0.03
0.01
-0.09
-0.06
-0.01
-0.11
-0.09
-0.09
-0.05
-0.08
-0.14
-0.09
-0.13
-0.08
-0.18
-0.06
-0.08
-0.12
-0.08
-0.13
0.02
-0.10
-0.04
-0.05
-0.03
0.01
-0.09
-0.06
-0.08
-0.15
0.00
-0.08
-0.07
-0.04
-0.08
-0.05
-0.06
-0.10
-0.01
-0.08
-0.09
-0.03
-0.05
-0.05
-0.09
-0.07
-0.09
-0.03
-0.13
-0.11
-0.08
-0.08
-0.07
-0.06
-0.06
-0.11
-0.05
-0.06
-0.08
-0.03
-0.10
-0.02
-0.13
-0.03
-0.05
-0.09
-0.03
-0.12
0.03
-0.11
-0.08
-0.01
-0.14
0.01
-0.10
-0.05
-0.08
-0.12
0.02
-0.16
-0.05
-0.06
-0.04
-0.13
-0.12
-0.07
-0.10
-0.06
-0.12
-0.06
-0.02
-0.11
-0.10
-0.08
-0.07
-0.10
-0.11
-0.07
-0.07
-0.03
-0.11
0.04
-0.10
-0.02
-0.06
-0.07
-0.06
-0.05
-0.05
-0.06
-0.12
-0.00
-0.09
-0.08
-0.05
-0.08
-0.10
-0.08
-0.12
-0.05
-0.08
-0.13
-0.02
-0.16
-0.05
-0.04
-0.12
-0.06
-0.14
-0.07
-0.07
-0.18
-0.02
-0.03
-0.16
-0.04
-0.12
-0.02
-0.12
-0.11
-0.00
-0.13
-0.05
-0.10
-0.03
-0.10
-0.09
0.02
-0.13
-0.09
-0.07
-0.09
-0.06
-0.16
0.03
-0.15
-0.11
-0.12
-0.06
-0.08
-0.16
-0.02
-0.15
-0.07
-0.11
-0.09
-0.01
-0.12
0.01
-0.12
-0.07
-0.02
-0.06
-0.05
-0.09
-0.04
-0.07
-0.10
-0.05
-0.09
-0.09
-0.11
-0.08
-0.06
-0.05
-0.08
-0.12
-0.05
-0.12
-0.10
-0.10
-0.10
-0.10
-0.07
-0.06
-0.07
-0.12
-0.06
-0.10
-0.06
-0.09
-0.12
-0.07
-0.07
-0.07
-0.05
-0.06
-0.04
-0.09
-0.08
-0.04
-0.08
-0.08
-0.10
-0.05
-0.07
-0.07
-0.10
-0.10
-0.09
-0.08
-0.12
-0.12
-0.09
-0.09
-0.09
-0.07
-0.07
-0.05
-0.05
-0.03
-0.01
-0.02
-0.01
-0.01
0.01
0.04
0.04
0.02
0.02
0.01
0.03
-0.01
-0.03
-0.04
-0.07
-0.12
-0.22
-0.27
-0.29
-0.35
-0.41
-0.47
-0.46
-0.46
-0.44
-0.41
-0.29
-0.18
-0.02
0.18
0.26
0.29
0.28
0.27
0.29
0.33
0.37
0.47
0.44
0.48
0.32
0.35
0.27
0.20
0.07
-0.08
-0.24
-0.42
-0.59
-0.60
-0.70
-0.83
-1.00
-1.00
-1.00
-0.86
-0.45
-0.05
0.15
0.25
0.37
0.42
0.37
0.19
0.04
0.06
0.15
0.27
0.36
0.41
0.65
0.72
0.58
0.28
0.06
-0.03
-0.06
-0.10
-0.21
-0.22
-0.11
-0.01
-0.05
-0.24
-0.49
-0.67
-0.86
-1.00
-1.00
-1.00
-1.00
-0.31
0.24
0.44
0.41
0.47
0.49
0.32
-0.01
-0.26
-0.22
0.08
0.37
0.55
0.59
0.76
0.94
0.74
0.29
-0.10
-0.32
-0.30
-0.26
-0.27
-0.30
-0.19
-0.02
0.06
-0.16
-0.45
-0.70
-0.79
-1.00
-1.00
-1.00
-1.00
-0.28
0.32
0.65
0.54
0.50
0.44
0.27
-0.04
-0.37
-0.35
-0.04
0.31
0.54
0.60
0.68
0.74
0.63
0.26
-0.12
-0.36
-0.35
-0.27
-0.21
-0.17
-0.07
0.05
0.11
-0.03
-0.28
-0.55
-0.73
-0.87
-1.00
-1.00
-1.00
-0.62
0.15
0.56
0.58
0.42
0.36
0.34
0.09
-0.22
-0.39
-0.21
0.16
0.46
0.60
0.60
0.64
0.58
0.37
0.01
-0.32
-0.40
-0.31
-0.21
-0.11
-0.09
-0.01
0.06
0.05
-0.15
-0.39
-0.58
-0.68
-0.82
-0.98
-1.00
-0.85
-0.27
0.34
0.53
0.39
0.30
0.24
0.21
-0.07
-0.34
-0.35
-0.04
0.34
0.59
0.56
0.59
0.55
0.51
0.20
-0.13
-0.37
-0.31
-0.17
-0.06
-0.06
-0.02
0.03
0.10
-0.03
-0.28
-0.52
-0.62
-0.70
-0.88
-1.00
-0.96
-0.59
0.05
0.42
0.38
0.18
0.17
0.17
0.04
-0.23
-0.40
-0.17
0.22
0.50
0.58
0.51
0.58
0.58
0.38
0.04
-0.26
-0.26
-0.11
-0.00
0.03
-0.01
0.02
0.06
-0.01
-0.26
-0.53
-0.69
-0.55
-0.53
-0.80
-1.00
-0.88
-0.53
0.11
0.30
0.17
0.12
0.24
0.30
0.08
-0.23
-0.23
0.07
0.47
0.51
0.47
0.43
0.61
0.54
0.26
-0.12
-0.23
-0.17
-0.02
-0.07
-0.09
-0.10
0.01
-0.02
-0.13
-0.40
-0.54
-0.61
-0.54
-0.51
-0.85
-1.00
-0.80
-0.46
0.20
0.21
0.10
0.17
0.35
0.31
-0.02
-0.27
-0.12
0.23
0.42
0.41
0.43
0.54
0.69
0.44
0.11
-0.14
-0.18
-0.09
-0.10
-0.13
-0.11
-0.06
-0.02
-0.09
-0.21
-0.38
-0.50
-0.52
-0.58
-0.72
-0.94
-0.93
-0.65
-0.28
0.16
0.24
0.20
0.25
0.32
0.16
-0.06
-0.22
-0.03
0.18
0.38
0.41
0.45
0.54
0.59
0.30
0.04
-0.16
-0.14
-0.12
-0.13
-0.15
-0.09
-0.05
-0.03
-0.11
-0.24
-0.31
-0.40
-0.44
-0.49
-0.60
-0.63
-0.50
-0.38
-0.31
-0.22
-0.03
0.02
0.07
0.02
0.12
0.09
0.04
0.03
0.16
0.22
0.24
0.21
0.27
0.34
0.24
0.12
0.10
0.18
0.17
0.03
-0.06
-0.05
-0.04
-0.09
-0.15
-0.18
-0.17
-0.20
-0.25
-0.29
-0.35
-0.44
-0.59
-0.65
-0.71
-0.71
-0.55
-0.35
-0.20
-0.01
0.12
0.21
0.21
0.21
0.21
0.22
0.23
0.28
0.30
0.36
0.36
0.30
0.28
0.28
0.24
0.12
0.00
-0.06
-0.13
-0.19
-0.26
-0.26
-0.23
-0.20
-0.24
-0.31
-0.39
-0.51
-0.65
-0.74
-0.80
-0.71
-0.48
-0.31
-0.18
0.03
0.19
0.28
0.23
0.22
0.24
0.27
0.22
0.26
0.29
0.34
0.37
0.32
0.34
0.30
0.22
0.10
-0.01
-0.09
-0.16
-0.22
-0.27
-0.26
-0.21
-0.23
-0.24
-0.32
-0.37
-0.45
-0.60
-0.74
-0.79
-0.74
-0.54
-0.32
-0.25
-0.02
0.17
0.32
0.25
0.21
0.20
0.31
0.23
0.22
0.25
0.35
0.37
0.32
0.28
0.29
0.23
0.11
-0.01
-0.07
-0.14
-0.21
-0.25
-0.23
-0.18
-0.19
-0.22
-0.26
-0.33
-0.44
-0.57
-0.70
-0.75
-0.73
-0.68
-0.54
-0.14
0.09
0.24
0.21
0.50
0.26
0.05
-0.03
0.27
0.21
0.06
0.19
0.68
0.72
0.22
0.15
0.24
0.13
-0.23
-0.25
-0.10
-0.05
-0.19
-0.19
-0.05
-0.03
-0.19
-0.32
-0.37
-0.47
-0.69
-0.93
-0.96
-0.73
-0.41
0.04
0.23
0.21
0.14
0.22
0.11
-0.13
-0.30
-0.11
0.08
0.13
0.21
0.49
0.64
0.47
0.26
0.19
0.01
-0.20
-0.30
-0.15
-0.10
-0.06
-0.09
0.01
-0.07
-0.15
-0.32
-0.38
-0.51
-0.59
-0.71
-0.79
-0.88
-0.84
-0.67
-0.17
0.42
0.37
0.10
0.06
0.22
-0.12
-0.42
-0.36
0.15
0.27
0.31
0.43
0.77
0.53
0.28
0.01
0.01
-0.13
-0.23
-0.22
0.07
0.21
0.10
0.01
0.01
-0.04
-0.26
-0.39
-0.43
-0.45
-0.57
-0.66
-0.80
-0.84
-0.73
-0.45
0.14
0.49
0.21
-0.02
0.09
-0.01
-0.21
-0.37
-0.03
0.31
0.48
0.45
0.62
0.59
0.44
0.08
-0.07
-0.08
-0.09
-0.12
0.03
0.24
0.16
0.01
-0.09
-0.11
-0.26
-0.38
-0.43
-0.45
-0.41
-0.57
-0.81
-0.93
-0.70
-0.49
0.08
0.59
0.38
0.07
0.02
-0.06
-0.14
-0.29
-0.11
0.28
0.53
0.57
0.50
0.49
0.43
0.17
-0.09
-0.16
-0.08
-0.02
0.08
0.20
0.21
0.05
-0.10
-0.21
-0.27
-0.37
-0.40
-0.43
-0.48
-0.59
-0.83
-0.92
-0.83
-0.43
0.17
0.71
0.36
-0.00
0.04
-0.10
-0.15
-0.34
-0.12
0.38
0.54
0.59
0.52
0.48
0.39
0.12
-0.06
-0.11
-0.06
-0.00
0.12
0.23
0.20
0.04
-0.10
-0.21
-0.29
-0.41
-0.41
-0.45
-0.48
-0.59
-0.85
-1.00
-0.97
-0.51
0.25
0.87
0.45
-0.05
-0.04
-0.22
-0.29
-0.45
-0.22
0.41
0.66
0.63
0.43
0.37
0.23
0.06
-0.20
-0.16
-0.08
-0.04
0.09
0.13
0.13
0.01
-0.15
-0.27
-0.34
-0.42
-0.46
-0.52
-0.56
-0.65
-0.88
-1.00
-0.92
-0.26
0.55
0.90
0.41
-0.11
-0.02
-0.20
-0.43
-0.47
-0.16
0.53
1.00
0.80
0.48
0.33
0.14
0.00
-0.21
-0.15
0.01
0.12
0.19
0.16
0.08
0.01
-0.10
-0.26
-0.31
-0.41
-0.44
-0.54
-0.51
-0.58
-0.81
-1.00
-0.89
-0.17
0.67
0.95
0.47
0.08
0.07
-0.09
-0.46
-0.59
-0.28
0.43
1.00
1.00
0.68
0.40
0.18
-0.05
-0.31
-0.35
-0.06
0.20
0.32
0.22
0.03
-0.01
-0.07
-0.20
-0.32
-0.43
-0.45
-0.48
-0.51
-0.61
-0.84
-0.94
-0.80
-0.16
0.59
0.94
0.63
0.37
0.20
0.10
-0.24
-0.58
-0.52
-0.05
0.62
1.00
1.00
0.67
0.41
0.18
-0.14
-0.44
-0.46
-0.22
0.09
0.21
0.14
0.06
0.04
-0.01
-0.15
-0.37
-0.49
-0.46
-0.37
-0.30
-0.39
-0.46
-0.49
-0.32
-0.12
0.02
0.06
0.13
0.21
0.27
0.20
-0.01
-0.15
-0.15
-0.02
0.11
0.12
0.13
0.10
0.06
-0.01
-0.12
-0.17
-0.18
-0.13
-0.10
-0.09
-0.08
-0.06
-0.04
-0.05
-0.09
-0.11
-0.08
-0.05
-0.04
-0.05
-0.07
-0.12
-0.17
-0.20
-0.20
-0.20
-0.16
-0.16
-0.15
-0.16
-0.18
-0.20
-0.20
-0.19
-0.14
-0.10
-0.07
-0.04
-0.03
-0.00
0.02
0.06
0.08
0.09
0.09
0.08
0.06
0.05
0.03
0.01
-0.00
0.00
-0.01
-0.02
-0.04
-0.05
-0.07
-0.10
-0.14
-0.16
-0.18
-0.17
-0.16
-0.16
-0.16
-0.14
-0.12
-0.13
-0.16
-0.17
-0.16
-0.13
-0.11
-0.11
-0.10
-0.06
-0.01
0.02
0.03
0.03
0.03
0.04
0.04
0.03
0.01
0.02
0.04
0.02
-0.00
-0.03
-0.05
-0.07
-0.09
-0.12
-0.13
-0.14
-0.15
-0.15
-0.15
-0.15
-0.14
-0.11
-0.08
-0.08
-0.10
-0.12
-0.12
-0.09
-0.09
-0.10
-0.10
-0.10
-0.08
-0.07
-0.07
-0.08
-0.06
-0.05
-0.05
-0.06
-0.06
-0.05
-0.02
-0.02
-0.04
-0.05
-0.07
-0.07
-0.09
-0.10
-0.10
-0.09
-0.09
-0.10
-0.10
-0.12
-0.12
-0.11
-0.11
-0.11
-0.12
-0.12
-0.12
-0.10
-0.09
-0.08
-0.09
-0.09
-0.09
-0.08
-0.09
-0.09
-0.07
-0.05
-0.06
-0.06
-0.07
-0.07
-0.06
-0.05
-0.06
-0.06
-0.05
-0.05
-0.05
-0.07
-0.07
-0.06
-0.05
-0.06
-0.07
-0.07
-0.07
-0.06
-0.05
-0.04
-0.05
-0.08
-0.09
-0.10
-0.09
-0.09
-0.09
-0.08
-0.08
-0.08
-0.08
-0.07
-0.06
-0.04
-0.05
-0.05
-0.05
-0.05
-0.05
-0.05
-0.04
-0.04
-0.04
-0.04
-0.04
-0.04
-0.03
-0.02
-0.02
-0.03
-0.04
-0.05
-0.05
-0.05
-0.04
-0.04
-0.05
-0.08
-0.09
-0.11
-0.11
-0.11
-0.10
-0.11
-0.09
-0.09
-0.08
-0.07
-0.07
-0.06
-0.04
-0.04
-0.04
-0.03
-0.02
-0.03
-0.02
-0.01
-0.02
-0.02
-0.02
-0.02
-0.03
-0.03
-0.05
-0.06
-0.09
-0.08
-0.09
-0.08
-0.09
-0.08
-0.08
-0.08
-0.09
-0.09
-0.10
-0.09
-0.09
-0.07
-0.07
-0.06
-0.07
-0.06
-0.06
-0.06
-0.06
-0.06
-0.05
-0.05
-0.05
-0.05
-0.05
-0.05
-0.06
-0.07
-0.05
-0.05
-0.05
-0.05
-0.06
-0.07
-0.08
-0.09
-0.09
-0.09
-0.11
-0.10
-0.10
-0.10
-0.12
-0.12
-0.12
-0.13
-0.12
-0.11
-0.11
-0.10
-0.10
-0.10
-0.09
-0.09
-0.08
-0.08
-0.08
-0.08
-0.07
-0.06
-0.07
-0.08
-0.08
-0.08
-0.08
-0.07
-0.06
-0.08
-0.07
-0.08
-0.06
-0.08
-0.08
-0.09
-0.09
-0.10
-0.09
-0.10
-0.11
-0.12
-0.13
-0.13
-0.14
-0.14
-0.15
-0.16
-0.16
-0.16
-0.17
-0.17
-0.17
-0.17
-0.16
-0.16
-0.17
-0.17
-0.17
-0.17
-0.17
-0.18
-0.18
-0.17
-0.16
-0.16
-0.17
-0.17
-0.16
-0.16
-0.16
-0.16
-0.16
-0.15
-0.13
-0.12
-0.10
-0.10
-0.08
-0.07
-0.05
-0.04
-0.02
-0.02
-0.02
-0.02
-0.03
-0.03
-0.04
-0.04
-0.05
-0.05
-0.06
-0.07
-0.08
-0.08
-0.09
-0.10
-0.11
-0.10
-0.10
-0.10
-0.11
-0.11
-0.11
-0.11
-0.11
-0.09
-0.09
-0.07
-0.06
-0.04
-0.04
-0.03
-0.03
-0.01
0.01
0.02
0.03
0.04
0.06
0.08
0.09
0.09
0.10
0.12
0.12
0.12
0.12
0.12
0.13
0.12
0.13
0.11
0.11
0.09
0.09
0.08
0.08
0.07
0.06
0.05
0.03
0.03
0.02
-0.00
-0.01
-0.02
-0.02
-0.04
-0.05
-0.05
-0.06
-0.07
-0.06
-0.06
-0.06
-0.06
-0.07
-0.07
-0.07
-0.08
-0.08
-0.08
-0.09
-0.09
-0.08
-0.07
-0.02
-0.06
-0.06
-0.04
0.03
0.05
-0.04
-0.08
-0.04
-0.03
-0.07
-0.09
-0.02
-0.04
-0.07
-0.05
0.00
-0.05
-0.12
-0.09
-0.05
-0.07
-0.14
-0.15
-0.14
-0.08
-0.10
-0.13
-0.13
-0.12
-0.11
-0.09
-0.09
-0.09
-0.09
-0.05
-0.04
-0.05
-0.07
-0.05
-0.03
-0.02
-0.04
-0.04
-0.04
-0.01
-0.02
-0.03
-0.05
-0.06
-0.06
-0.07
-0.09
-0.14
-0.17
-0.22
-0.27
-0.32
-0.34
-0.35
-0.38
-0.42
-0.38
-0.28
-0.16
-0.04
0.01
0.06
0.09
0.13
0.16
0.14
0.11
0.08
0.12
0.16
0.16
0.15
0.10
0.08
0.01
-0.07
-0.18
-0.26
-0.28
-0.26
-0.24
-0.26
-0.28
-0.29
-0.23
-0.17
-0.16
-0.15
-0.13
-0.06
-0.06
-0.07
-0.11
-0.09
-0.04
-0.02
-0.02
-0.05
-0.05
-0.05
-0.02
-0.02
-0.03
-0.04
-0.03
0.00
0.02
0.01
0.00
-0.00
0.01
0.03
0.03
0.01
0.14
0.23
-0.08
-0.30
-0.26
0.04
0.09
-0.08
-0.23
-0.23
-0.01
0.09
-0.00
-0.18
-0.22
-0.08
0.04
0.01
-0.20
-0.29
-0.17
0.00
-0.05
-0.24
-0.32
-0.23
-0.09
-0.12
-0.25
-0.30
-0.18
-0.02
-0.01
-0.10
-0.15
-0.07
0.03
0.05
-0.04
-0.04
0.20
0.20
-0.09
-0.34
-0.19
-0.01
-0.07
-0.22
-0.30
-0.23
-0.13
-0.09
-0.21
-0.31
-0.34
-0.27
-0.26
-0.39
-0.43
-0.29
-0.07
0.02
0.10
0.35
0.60
0.85
1.00
1.00
1.00
1.00
1.00
1.00
1.00
1.00
1.00
1.00
1.00
1.00
1.00
0.23
-0.20
-0.60
-0.80
-0.92
-0.96
-1.00
-0.88
-0.83
-0.66
-0.51
-0.33
-0.24
-0.28
-0.62
-1.00
-1.00
-1.00
-1.00
-1.00
-0.60
-0.38
-0.26
-0.12
-0.25
-0.66
-1.00
-1.00
-1.00
-1.00
-1.00
-1.00
-1.00
-0.22
0.25
0.32
0.21
0.01
-0.25
-0.56
-0.75
-0.67
-0.38
0.05
0.34
0.59
0.73
0.70
0.35
-0.09
-0.55
-0.98
-1.00
-1.00
-1.00
-1.00
0.24
1.00
1.00
1.00
1.00
1.00
0.19
-0.75
-1.00
-1.00
-0.63
-0.18
0.32
1.00
1.00
1.00
1.00
0.83
-0.03
-0.43
-0.62
-0.65
-0.36
0.13
0.59
0.89
0.96
0.82
0.42
-0.12
-0.82
-1.00
-1.00
-1.00
-1.00
-1.00
0.17
1.00
1.00
1.00
1.00
0.25
-0.40
-1.00
-1.00
-1.00
-0.95
0.04
0.47
1.00
1.00
1.00
1.00
-0.05
-0.47
-0.68
-0.73
-0.75
-0.36
0.27
0.60
0.62
0.41
0.21
-0.12
-0.77
-1.00
-1.00
-1.00
-1.00
-1.00
-1.00
0.54
1.00
1.00
1.00
1.00
0.34
-0.40
-1.00
-1.00
-1.00
-0.10
0.53
1.00
1.00
1.00
1.00
1.00
-0.40
-0.53
-0.59
-0.64
-0.31
0.20
0.83
0.94
0.65
0.52
0.17
-0.25
-0.83
-1.00
-1.00
-1.00
-1.00
-1.00
-0.34
0.98
1.00
1.00
1.00
1.00
0.42
-0.35
-0.96
-1.00
-0.23
0.48
1.00
1.00
1.00
1.00
1.00
0.19
-0.27
-0.39
-0.48
-0.33
0.06
0.55
0.76
0.62
0.45
0.24
-0.14
-0.57
-0.85
-0.96
-0.90
-1.00
-1.00
-0.97
-0.53
0.26
1.00
1.00
0.92
0.57
0.17
-0.42
-1.00
-1.00
-0.68
0.01
0.44
1.00
1.00
1.00
1.00
-0.17
-0.55
-0.55
-0.63
-0.41
-0.10
0.37
0.49
0.27
0.17
0.01
-0.25
-0.58
-0.79
-0.87
-0.76
-0.90
-0.95
-0.89
-0.68
-0.00
0.97
1.00
0.77
0.60
0.34
-0.10
-0.69
-0.89
-0.31
0.26
0.60
1.00
1.00
1.00
1.00
-0.17
-0.34
-0.21
-0.20
-0.04
0.12
0.45
0.44
0.12
0.04
-0.08
-0.26
-0.45
-0.60
-0.60
-0.49
-0.65
-0.88
-1.00
-0.96
-0.49
0.46
0.80
0.71
0.56
0.57
0.23
-0.51
-0.83
-0.51
0.01
0.46
0.64
1.00
1.00
0.57
-0.06
-0.32
-0.32
-0.27
-0.23
-0.03
0.32
0.25
0.08
-0.04
-0.09
-0.21
-0.43
-0.59
-0.54
-0.59
-0.63
-0.81
-0.99
-1.00
-0.66
0.23
0.98
0.79
0.44
0.66
0.35
-0.31
-0.81
-0.68
-0.05
0.48
0.56
1.00
1.00
1.00
0.15
-0.30
-0.27
-0.18
-0.30
-0.02
0.31
0.35
0.16
-0.06
-0.07
-0.12
-0.45
-0.61
-0.57
-0.57
-0.50
-0.75
-0.96
-1.00
-0.99
-0.08
0.83
0.85
0.49
0.59
0.46
-0.12
-0.80
-0.85
-0.28
0.33
0.47
0.91
1.00
1.00
0.25
-0.30
-0.33
-0.29
-0.35
-0.15
0.13
0.30
0.20
-0.05
-0.08
-0.12
-0.37
-0.56
-0.64
-0.59
-0.59
-0.75
-1.00
-1.00
-1.00
-0.44
0.48
0.86
0.68
0.44
0.48
0.09
-0.61
-0.94
-0.63
0.01
0.47
0.66
1.00
1.00
0.55
-0.09
-0.40
-0.40
-0.29
-0.19
-0.01
0.27
0.28
0.10
-0.06
-0.14
-0.23
-0.41
-0.63
-0.65
-0.62
-0.64
-0.93
-1.00
-1.00
-0.56
0.37
0.94
0.76
0.54
0.61
0.26
-0.44
-0.87
-0.73
-0.13
0.49
0.59
1.00
1.00
1.00
0.23
-0.29
-0.38
-0.24
-0.22
-0.04
0.21
0.27
0.25
0.07
-0.08
-0.10
-0.30
-0.51
-0.59
-0.68
-0.61
-0.81
-1.00
-1.00
-0.83
0.17
1.00
0.94
0.59
0.61
0.43
-0.20
-0.88
-1.00
-0.45
0.24
0.48
0.78
1.00
1.00
0.54
-0.16
-0.46
-0.41
-0.31
-0.21
-0.07
0.10
0.26
0.16
-0.03
-0.12
-0.28
-0.44
-0.64
-0.84
-0.76
-0.87
-1.00
-1.00
-1.00
-0.26
0.79
1.00
0.80
0.57
0.46
0.12
-0.62
-1.00
-0.90
-0.12
0.37
0.66
0.76
1.00
1.00
0.27
-0.30
-0.57
-0.45
-0.27
-0.25
-0.14
0.10
0.26
0.20
-0.00
-0.22
-0.30
-0.47
-0.73
-0.87
-0.97
-1.00
-1.00
-1.00
-0.64
0.36
1.00
1.00
0.67
0.49
0.30
-0.19
-0.81
-1.00
-0.73
0.06
0.53
0.75
0.95
1.00
0.93
0.27
-0.35
-0.59
-0.47
-0.27
-0.20
-0.14
0.10
0.30
0.30
0.10
-0.16
-0.29
-0.47
-0.71
-0.92
-1.00
-1.00
-1.00
-0.96
-0.28
0.62
1.00
1.00
0.81
0.49
0.25
-0.25
-0.80
-0.97
-0.58
0.01
0.45
0.62
0.93
1.00
0.94
0.45
-0.08
-0.41
-0.42
-0.35
-0.30
-0.24
-0.07
0.19
0.32
0.22
0.05
-0.16
-0.35
-0.61
-0.84
-1.00
-1.00
-1.00
-1.00
-0.32
0.45
1.00
1.00
0.92
0.68
0.39
-0.07
-0.56
-0.77
-0.59
-0.20
0.15
0.35
0.55
0.77
0.86
0.69
0.29
-0.07
-0.27
-0.37
-0.40
-0.40
-0.29
-0.05
0.17
0.26
0.23
0.05
-0.13
-0.34
-0.58
-0.79
-0.98
-1.00
-0.96
-0.66
-0.14
0.31
0.62
0.69
0.70
0.59
0.33
0.01
-0.29
-0.43
-0.34
-0.17
-0.01
0.14
0.28
0.45
0.57
0.56
0.37
0.13
-0.09
-0.27
-0.40
-0.43
-0.34
-0.15
0.05
0.19
0.18
0.08
-0.08
-0.24
-0.42
-0.62
-0.80
-0.86
-0.83
-0.69
-0.37
-0.02
0.25
0.40
0.43
0.42
0.35
0.23
0.04
-0.15
-0.20
-0.13
-0.03
0.03
0.10
0.21
0.37
0.45
0.38
0.22
0.04
-0.12
-0.26
-0.34
-0.34
-0.22
-0.06
0.07
0.09
0.03
-0.07
-0.16
-0.29
-0.41
-0.55
-0.64
-0.66
-0.64
-0.56
-0.36
-0.15
0.03
0.15
0.22
0.28
0.29
0.24
0.14
0.02
-0.04
-0.02
0.02
0.06
0.10
0.16
0.26
0.32
0.29
0.18
0.02
-0.13
-0.23
-0.26
-0.24
-0.18
-0.10
-0.02
-0.03
-0.08
-0.13
-0.18
-0.23
-0.32
-0.39
-0.47
-0.50
-0.55
-0.54
-0.46
-0.31
-0.13
0.00
0.10
0.17
0.25
0.30
0.27
0.17
0.06
0.02
0.04
0.04
0.02
0.05
0.17
0.28
0.30
0.23
0.10
-0.02
-0.07
-0.14
-0.20
-0.23
-0.18
-0.09
-0.06
-0.10
-0.14
-0.13
-0.13
-0.18
-0.30
-0.38
-0.47
-0.52
-0.57
-0.55
-0.45
-0.26
-0.10
0.03
0.13
0.21
0.30
0.35
0.31
0.18
0.04
-0.02
-0.01
0.01
0.01
0.05
0.16
0.33
0.37
0.30
0.12
-0.03
-0.13
-0.19
-0.24
-0.28
-0.22
-0.09
-0.02
-0.03
-0.08
-0.11
-0.12
-0.20
-0.36
-0.47
-0.56
-0.57
-0.59
-0.59
-0.47
-0.24
-0.01
0.14
0.24
0.31
0.38
0.38
0.25
0.08
-0.10
-0.13
-0.09
-0.00
0.05
0.16
0.33
0.46
0.48
0.32
0.11
-0.10
-0.25
-0.33
-0.34
-0.28
-0.15
-0.01
0.06
0.02
-0.09
-0.17
-0.20
-0.29
-0.45
-0.60
-0.72
-0.69
-0.67
-0.62
-0.38
-0.04
0.32
0.52
0.53
0.46
0.35
0.22
0.01
-0.24
-0.38
-0.30
-0.06
0.16
0.32
0.45
0.57
0.64
0.45
0.16
-0.18
-0.38
-0.41
-0.40
-0.32
-0.15
0.04
0.21
0.23
0.08
-0.12
-0.29
-0.44
-0.62
-0.82
-0.95
-0.90
-0.81
-0.64
-0.26
0.28
0.84
1.00
0.74
0.35
0.05
-0.16
-0.38
-0.58
-0.53
-0.19
0.32
0.73
0.95
0.82
0.61
0.42
0.06
-0.35
-0.60
-0.58
-0.34
-0.13
-0.02
0.10
0.19
0.18
0.05
-0.24
-0.51
-0.64
-0.71
-0.77
-0.83
-0.96
-0.89
-0.83
-0.63
-0.09
0.49
0.93
0.75
0.26
-0.12
-0.37
-0.58
-0.71
-0.67
-0.22
0.34
0.98
1.00
0.82
0.43
0.16
-0.15
-0.45
-0.57
-0.37
-0.02
0.17
0.19
0.16
0.13
0.11
-0.03
-0.23
-0.34
-0.41
-0.41
-0.45
-0.54
-0.71
-0.74
-0.75
-0.63
-0.09
0.92
1.00
1.00
1.00
0.20
-0.10
-0.28
-0.41
-0.37
0.20
1.00
1.00
1.00
1.00
0.20
-0.22
-0.46
-0.67
-0.71
-0.40
-0.06
0.07
-0.07
-0.30
-0.30
-0.22
-0.20
-0.21
-0.19
-0.16
-0.08
-0.07
-0.16
-0.29
-0.56
-0.69
-0.70
-0.33
0.64
1.00
1.00
1.00
0.05
-0.47
-0.74
-0.98
-0.96
-0.37
0.74
1.00
1.00
0.60
-0.33
-0.69
-0.76
-0.66
-0.41
-0.06
0.27
0.29
-0.08
-0.40
-0.48
-0.39
-0.30
-0.35
-0.42
-0.42
-0.53
-0.61
-0.70
-0.82
-1.00
-1.00
-1.00
-1.00
-0.36
1.00