10.65
16.45
14.75
6.23
12.01
11.25
15.73
18.22
16.28
17.88
16.23
21.31
10.48
7.68
11.73
10.85
7.68
10.24
17.66
27.32
18.50
10.38
21.25
34.14
23.90
15.18
14.86
12.74
10.82
5.91
16.11
16.16
10.84
6.69
22.95
35.20
26.99
17.17
29.40
37.32
28.16
23.11
32.82
42.04
39.24
27.49
29.86
41.32
41.45
28.78
26.15
33.34
30.29
25.81
26.53
28.59
24.31
22.95
26.14
27.61
27.22
30.08
28.20
22.83
25.33
27.99
28.71
18.24
21.84
20.53
30.05
21.76
20.12
25.38
28.73
25.56
8.85
23.99
25.31
18.22
4.65
23.42
24.18
27.12
2.81
27.89
26.98
25.10
6.01
47.29
17.65
24.11
28.72
36.01
14.32
25.47
23.75
34.60
20.06
22.37
48.57
102.94
25.73
46.23
113.97
116.90
66.70
57.95
128.87
154.44
203.71
68.43
151.09
309.53
52.86
125.22
98.37
35.69
70.58
53.79
63.75
39.70
30.31
41.24
22.13
45.82
36.96
28.17
24.61
29.18
40.56
23.22
13.21
55.00
16.66
33.79
37.64
23.43
42.02
22.99
13.74
22.65
24.96
23.39
36.01
17.85
21.83
23.18
8.10
21.46
25.36
9.85
13.72
20.73
26.05
8.35
2.82
16.31
25.36
12.66
6.10
17.95
21.03
18.01
4.59
25.74
21.98
8.30
20.13
23.77
25.01
17.78
10.25
19.27
20.15
10.68
12.48
26.71
9.74
18.39
8.54
17.59
19.09
8.63
6.62
15.64
14.85
8.76
4.04
20.51
10.84
6.00
11.01
17.38
13.36
26.31
9.09
12.38
13.98
11.60
10.12
21.16
12.41
18.44
15.81
15.64
13.48
43.21
38.11
18.68
42.03
39.50
25.93
25.13
41.13
23.72
26.59
20.25
25.74
22.71
50.56
26.88
50.05
69.03
60.23
46.53
82.66
77.04
23.77
25.36
36.11
31.03
31.93
10.25
10.22
42.71
2.95
24.49
13.14
4.54
21.51
6.89
12.85
10.07
6.07
9.35
13.38
6.33
7.25
7.98
2.25
13.95
2.82
6.99
14.62
6.73
7.19
9.71
12.59
16.66
6.58
11.86
13.36
7.22
7.47
7.36
8.60
4.41
4.93
4.09
15.75
11.00
6.55
4.44
8.32
13.78
10.42
10.89
5.97
6.58
4.88
11.63
7.01
1.86
6.30
6.24
16.52
7.87
13.85
5.67
2.75
15.72
10.67
17.33
3.48
7.29
7.04
8.36
9.54
1.49
12.03
14.92
5.78
22.81
25.03
21.72
21.56
31.94
17.92
44.35
53.84
35.45
51.72
84.99
98.50
72.07
124.38
88.07
30.16
77.12
101.70
27.86
55.54
16.45
141.01
116.72
47.81
105.61
187.56
113.26
98.53
111.52
92.84
58.65
122.98
83.81
166.23
267.66
146.97
140.48
237.65
205.14
71.93
101.79
109.30
85.86
158.68
16.07
122.05
133.63
18.47
108.76
76.93
23.41
71.79
55.50
35.02
47.01
7.41
44.77
39.37
11.26
32.37
16.15
17.21
14.83
19.09
19.47
22.41
10.70
6.39
14.15
8.71
8.45
10.90
14.06
10.26
15.68
18.90
15.05
7.60
11.69
12.00
10.98
11.67
10.53
12.04
9.92
6.72
3.15
17.50
13.28
8.02
12.31
6.25
12.60
9.25
12.17
3.22
8.03
8.42
13.63
6.98
1.95
12.87
14.96
11.33
11.72
5.57
21.32
14.73
12.19
16.95
10.90
23.43
10.15
7.16
19.11
21.21
30.33
12.70
33.69
31.96
38.98
38.25
29.02
43.21
26.29
29.03
39.75
33.15
52.31
26.61
55.13
55.55
34.67
42.28
10.95
41.44
16.05
37.47
38.45
36.77
77.08
58.14
32.61
56.87
71.55
72.10
69.25
129.23
122.40
23.24
83.74
123.55
61.00
41.09
52.65
49.32
51.28
13.82
46.23
38.36
25.71
11.79
11.95
13.39
18.93
20.26
6.23
12.19
1.05
8.61
11.30
8.65
4.78
3.73
10.56
9.16
6.75
3.55
10.95
5.84
6.46
10.03
6.85
8.05
3.46
5.10
6.97
6.49
1.14
6.21
3.66
7.70
3.81
5.90
7.11
2.93
6.87
7.34
7.39
3.03
3.24
7.15
7.32
3.99
1.06
3.96
5.19
4.32
3.03
6.75
5.18
8.51
1.74
7.15
8.70
11.22
6.14
8.94
16.60
12.30
6.95
9.68
17.53
16.42
8.52
1.42
11.32
15.16
3.63
4.63
16.45
18.16
7.90
10.44
11.03
9.29
7.33
1.91
8.65
12.70
7.91
1.64
13.25
9.87
7.55
5.56
4.55
11.26
5.95
9.28
2.63
10.34
17.53
15.36
9.19
2.06
15.16
14.74
25.05
8.93
22.00
26.82
19.83
1.62
22.41
19.22
7.27
7.83
4.18
17.03
14.56
12.57
7.20
15.47
4.13
7.14
8.30
8.47
16.28
4.56
1.35
7.38
9.22
6.63
4.58
5.58
8.31
8.07
4.32
3.70
4.54
3.43
3.33
1.64
6.45
2.70
3.85
0.68
2.97
2.09
1.99
5.18
4.39
5.31
1.03
3.59
7.39
3.25
0.32
3.03
7.36
4.68
2.06
2.55
6.08
3.27
1.23
1.61
3.23
4.64
2.25
1.52
3.90
6.31
3.16
2.14
2.39
8.58
4.91
0.93
7.04
8.76
6.06
4.59
6.33
11.89
4.85
2.32
9.49
13.85
8.41
0.25
3.19
14.61
8.40
2.19
3.43
9.31
14.07
3.66
3.68
6.64
4.58
2.39
4.79
3.62
7.68
6.00
6.38
1.77
6.85
3.33
3.31
5.49
4.88
7.38
11.26
9.26
15.43
8.73
13.51
12.93
13.83
8.74
15.14
16.30
7.97
8.52
18.08
13.83
8.47
3.01
11.48
15.35
8.62
6.48
5.21
1.22
2.21
4.90
8.60
7.39
0.95
5.85
2.74
5.33
8.21
3.49
5.55
4.77
1.65
7.85
2.52
5.26
4.50
5.34
8.01
3.41
2.98
4.95
4.01
3.50
1.40
5.53
2.52
3.49
9.06
6.55
5.01
3.12
8.36
6.64
6.39
6.12
5.42
6.91
5.10
7.48
7.88
6.53
3.44
5.22
3.87
6.07
0.45
4.41
0.56
6.43
7.29
3.45
4.73
9.84
10.25
6.00
3.97
8.96
6.43
3.27
4.50
10.23
8.79
5.24
5.56
12.75
9.05
9.14
5.65
4.86
6.17
3.52
1.11
9.57
9.22
9.06
6.06
5.05
5.20
5.31
4.29
9.09
1.53
6.37
13.27
0.94
6.08
10.31
3.34
9.28
8.85
13.83
6.14
8.69
16.42
10.22
6.64
37.61
27.22
9.87
26.11
30.89
23.70
6.63
14.73
11.93
19.46
14.07
19.39
28.02
21.03
10.80
16.74
7.80
24.13
33.26
24.01
21.46
30.08
7.04
17.43
26.50
20.21
16.33
18.94
4.98
2.66
11.71
5.89
6.39
2.87
4.18
8.07
6.29
6.53
3.24
11.62
3.85
11.21
6.36
2.38
8.14
10.62
4.23
5.11
2.70
4.85
1.10
1.99
4.22
4.38
6.29
1.35
9.19
7.18
6.61
0.47
11.96
10.39
11.30
7.10
5.46
11.29
7.14
5.80
6.75
9.54
7.38
3.70
10.07
11.17
8.82
7.17
3.96
9.21
7.44
1.53
2.30
8.82
7.39
3.70
10.31
8.28
6.71
8.69
9.07
4.66
9.64
10.19
7.03
9.47
12.73
8.73
7.35
14.39
14.54
7.54
19.60
11.24
8.97
14.37
15.09
17.42
20.74
23.92
20.43
16.66
11.00
26.88
26.46
7.91
38.52
28.67
6.53
26.43
29.30
23.75
9.08
9.81
17.45
21.74
16.89
3.00
8.20
18.70
9.14
6.06
4.22
4.53
12.39
10.78
10.08
2.79
3.97
2.17
4.56
6.94
7.09
3.38
3.39
3.91
1.28
4.41
3.55
2.09
1.15
2.97
4.83
2.22
4.52
7.33
2.23
7.75
2.61
4.83
7.41
4.42
7.11
5.93
4.76
3.63
5.76
4.05
1.55
5.43
5.25
4.97
2.23
3.53
4.40
8.23
1.25
2.63
1.81
4.14
3.39
5.99
0.64
4.29
5.41
4.42
0.09
4.20
3.97
7.53
6.89
5.08
7.49
2.52
4.22
7.62
3.50
6.69
6.67
6.30
9.09
5.47
5.78
3.63
6.04
5.64
4.50
2.31
1.09
3.75
3.45
2.51
3.17
0.68
4.80
5.72
1.46
1.56
15.81
0.87
7.38
14.63
10.02
13.12
19.82
17.04
13.24
18.64
28.46
7.33
20.94
21.42
3.84
12.33
20.71
5.73
5.02
16.95
4.28
2.46
18.51
7.04
14.47
11.47
17.65
13.69
14.21
15.44
3.59
21.54
9.50
17.22
4.34
11.07
18.61
7.99
4.14
9.06
10.54
9.90
1.17
10.65
2.18
11.26
12.48
13.39
9.29
5.37
11.58
3.89
9.18
3.57
9.32
1.77
5.66
3.83
7.62
3.28
0.92
2.39
4.47
5.32
0.81
1.76
5.45
3.53
3.50
3.75
5.90
0.71
6.43
5.91
3.97
3.87
4.70
6.75
2.32
4.19
6.27
6.40
5.11
6.27
4.52
5.80
5.32
4.43
5.04
4.71
5.86
7.32
6.00
1.19
5.51
8.19
3.89
2.86
3.51
5.94
2.26
2.33
3.04
4.63
5.79
4.89
1.38
1.68
3.26
8.65
5.61
2.47
3.91
6.84
9.20
5.04
5.43
2.48
7.86
2.58
1.49
6.76
4.48
7.09
10.18
11.11
7.77
9.74
4.89
8.87
6.49
6.60
9.05
3.79
9.10
3.04
14.54
1.80
10.91
7.04
4.11
4.98
3.17
10.03
0.72
2.29
6.89
6.84
4.08
3.32
7.46
5.38
4.49
0.94
3.20
5.09
6.04
5.05
3.78
2.67
5.90
3.27
1.44
5.67
7.68
4.85
1.31
0.94
5.93
5.79
1.36
1.20
2.24
5.50
2.53
3.92
2.79
2.66
3.48
3.16
2.73
5.72
3.38
2.30
2.66
2.74
0.53
4.74
1.80
1.93
2.42
0.55
0.44
3.72
4.20
2.52
1.50
2.44
3.76
0.35
0.86
2.54
4.03
0.41
2.19
3.46
2.34
1.81
1.44
4.32
4.27
2.95
2.05
6.14
4.51
4.42
2.38
4.22
2.03
6.58
3.16
4.95
1.92
3.36
4.66
6.50
1.20
2.82
3.85
1.31
1.15
1.16
3.97
5.35
7.83
2.74
5.01
9.47
7.87
9.83
6.66
8.38
7.82
0.63
5.91
3.13
6.79
6.04
1.07
2.75
7.68
1.65
3.55
2.71
5.38
7.99
4.25
2.37
6.38
7.65
2.81
2.39
5.03
7.27
4.64
4.07
4.01
5.74
4.82
1.51
2.24
5.53
4.00
4.28
2.11
4.09
3.53
4.28
6.82
6.86
4.30
3.63
5.81
6.66
4.55
3.90
4.45
3.49
3.79
1.77
1.04
3.08
3.18
1.11
0.92
3.85
4.95
2.84
1.43
2.58
2.99
2.51
0.52
1.73
1.16
1.96
1.98
0.51
2.36
1.68
0.90
0.37
1.67
0.88
0.99
1.46
0.77
1.12
0.90
1.78
2.71
2.73
0.90
2.71
3.46
3.11
1.79
2.01
2.93
2.29
3.98
1.61
0.74
0.80
2.11
3.59
2.16
1.25
0.68
2.99
2.17
3.50
0.61
2.47
1.73
3.53
3.63
3.93
3.01
1.54
2.31
8.00
1.08
1.91
1.56
4.22
0.98
3.39
1.49
5.06
4.63
3.08
4.00
5.51
6.91
1.61
3.07
3.53
6.49
5.16
3.64
3.33
3.65
6.19
4.92
0.44
3.06
7.49
5.09
2.43
1.56
3.38
6.59
3.51
1.04
4.10
3.85
4.41
0.97
1.52
4.77
3.71
2.41
1.97
0.73
4.75
3.03
0.37
1.25
2.41
5.40
2.03
2.78
2.46
3.72
2.86
1.41
0.96
4.03
2.40
2.33
0.64
2.91
2.53
2.75
0.40
0.74
1.33
2.78
2.25
1.03
1.59
1.27
1.54
3.65
1.29
1.12
2.26
0.30
3.26
2.84
4.53
3.11
1.07
1.66
1.04
6.13
2.32
4.57
2.60
2.83
2.98
1.47
3.18
2.11
3.64
1.22
2.29
4.62
0.30
3.30
4.06
4.06
4.83
2.06
6.43
4.50
3.33
7.60
3.84
7.29
7.01
7.33
5.99
5.53
8.82
1.63
4.74
5.32
4.35
2.49
4.13
0.11
6.35
2.45
1.40
1.49
3.09
6.61
1.50
4.01
2.20
5.21
1.86
2.64
2.25
3.83
3.09
2.43
2.94
4.15
5.53
6.58
9.94
2.71
10.69
4.41
6.14
7.72
4.32
5.67
2.22
3.21
0.84
4.50
0.64
2.42
1.45
2.15
2.43
2.11
0.54
1.41
0.36
2.75
2.73
0.56
3.34
2.21
5.01
4.08
3.46
1.80
4.18
0.79
3.52
0.83
3.87
2.14
4.31
0.39
0.82
2.33
2.95
1.01
1.37
2.44
3.20
3.20
2.39
0.26
3.74
3.90
2.17
2.05
2.36
5.86
1.24
2.98
3.28
2.65
2.22
2.41
2.73
3.13
3.49
3.39
2.54
2.01
1.09
2.17
3.16
3.75
3.55
3.56
2.41
1.96
0.45
6.40
3.06
7.63
3.37
6.06
3.37
5.60
4.19
4.62
3.13
4.56
5.26
3.67
2.94
5.62
2.77
3.15
5.94
4.73
2.99
1.55
4.65
4.48
6.01
4.51
3.25
7.23
3.27
10.31
2.37
7.07
4.44
6.61
5.22
1.39
6.35
6.20
4.75
3.03
3.13
5.18
3.57
4.87
1.93
5.49
2.06
5.59
3.00
0.35
2.54
2.71
1.99
2.10
1.76
0.70
2.20
2.64
2.31
1.77
3.46
1.81
2.07
1.33
0.59
2.53
1.17
2.33
0.10
6.01
0.98
6.03
1.83
4.00
2.35
3.93
1.26
2.48
4.23
2.37
4.01
5.04
4.36
2.26
4.12
2.30
1.48
3.98
2.85
1.31
2.31
3.18
2.71
2.30
2.09
4.82
1.85
2.04
0.29
0.97
2.87
2.80
4.38
2.76
4.86
3.54
3.32
3.62
5.23
1.58
2.90
2.51
2.03
2.81
0.81
2.84
3.84
7.45
3.25
3.54
6.19
3.21
7.27
2.56
3.99
2.82
0.75
2.38
4.27
3.60
2.06
2.05
4.02
5.49
0.87
6.27
6.83
2.95
2.45
5.08
3.91
2.17
6.10
6.52
4.35
6.42
0.72
1.05
3.60
3.01
2.56
2.36
3.79
2.01
5.51
1.24
1.09
3.14
1.70
3.43
3.94
2.19
3.76
2.69
2.04
1.54
1.20
2.45
3.35
1.52
1.38
1.76
4.35
3.12
3.40
2.13
2.27
2.88
2.96
1.27
3.37
1.50
2.96
1.24
4.69
1.23
5.94
2.82
3.23
1.61
4.51
2.05
5.82
2.79
4.05
1.64
1.60
2.66
2.68
3.47
3.07
4.04
2.00
4.44
1.79
1.19
3.47
2.90
3.37
1.18
3.67
1.40
1.47
1.02
1.69
2.33
2.54
2.07
1.65
2.50
2.47
1.67
2.47
2.13
3.85
2.75
0.77
2.37
4.23
1.77
1.76
1.61
6.18
2.10
3.05
2.91
1.95
6.21
3.21
2.46
3.19
3.69
2.92
2.50
1.12
2.76
1.16
1.04
6.63
2.80
2.30
5.03
4.41
4.78
2.26
2.77
3.79
2.98
5.51
3.16
5.92
1.94
6.03
3.84
1.42
1.69
3.48
2.33
2.58
1.34
2.99
1.32
1.33
2.08
2.23
4.55
2.16
2.41
2.71
0.52
2.06
2.91
2.41
2.55
3.66
3.66
1.49
2.40
1.90
4.80
4.11
1.19
3.30
0.83
2.83
4.39
0.64
0.44
2.15
2.01
1.05
0.96
0.67
2.69
2.59
2.61
2.59
1.40
3.96
1.43
2.92
1.11
1.88
3.31
1.22
1.98
1.72
3.36
1.37
1.58
1.32
2.59
1.61
1.15
1.60
1.89
1.62
3.12
0.84
1.75
1.15
3.70
2.20
0.84
2.32
3.12
2.32
2.08
2.16
2.22
0.50
1.66
2.17
2.04
1.34
1.46
2.21
4.13
3.05
0.44
1.33
2.20
3.11
1.68
5.99
3.11
1.56
1.39
5.29
4.30
2.10
2.07
4.77
4.11
0.87
4.02
2.87
2.75
2.44
3.99
1.79
2.99
2.59
3.95
1.64
4.80
4.28
3.71
4.05
0.90
4.36
3.30
1.48
2.49
0.36
1.63
4.86
0.59
2.09
3.37
0.50
2.41
4.11
2.10
1.77
2.62
2.56
3.00
1.44
2.33
2.02
1.28
1.29
2.84
2.47
2.00
2.48
2.98
2.99
1.86
2.92
2.13
0.44
2.37
2.30
3.32
0.81
2.92
0.83
3.28
2.09
0.66
4.22
2.36
2.77
3.17
3.69
2.13
1.27
1.87
2.33
4.07
2.52
2.98
2.06
0.98
2.33
2.31
1.70
2.39
1.63
2.61
3.11
1.00
2.52
4.98
0.84
3.39
2.60
6.18
1.06
7.12
1.11
5.23
1.76
3.20
1.99
4.65
2.74
4.48
2.23
6.36
3.30
7.52
2.98
4.67
3.15
3.83
5.45
1.19
0.94
3.82
2.43
1.95
1.12
2.47
0.14
0.23
0.23
0.14
0.11
0.11
0.23
0.21
0.10
0.03
0.06
0.04
0.07
0.22
0.39
0.48
0.43
0.36
0.35
0.31
0.33
0.16
0.05
0.23
0.25
0.21
0.16
0.16
0.12
0.11
0.05
0.05
0.14
0.16
0.23
0.28
0.38
0.34
0.36
0.21
0.23
0.20
0.20
0.15
0.10
0.01
0.04
0.04
0.02
0.06
0.04
0.06
0.02
0.05
0.05
0.06
0.09
0.17
0.15
0.23
0.24
0.23
0.26
0.16
0.17
0.11
0.09
0.06
0.06
0.13
0.10
0.16
0.13
0.15
0.15
0.09
0.13
0.13
0.16
0.10
0.06
0.20
0.04
0.12
0.14
0.09
0.09
0.06
0.09
0.17
0.04
0.11
0.15
0.09
0.19
0.09
0.14
0.06
0.06
0.08
0.16
0.10
0.14
0.15
0.08
0.13
0.10
0.10
0.08
0.09
0.08
0.06
0.08
0.10
0.11
0.10
0.13
0.09
0.10
0.08
0.05
0.09
0.06
0.10
0.15
0.09
0.08
0.17
0.09
0.11
0.13
0.07
0.11
0.11
0.09
0.12
0.06
0.09
0.07
0.06
0.08
0.05
0.10
0.08
0.10
0.13
0.13
0.11
0.11
0.08
0.13
0.10
0.09
0.11
0.09
0.11
0.12
0.11
0.11
0.08
0.10
0.10
0.10
0.11
0.09
0.12
0.11
0.11
0.12
0.11
0.11
0.08
0.10
0.07
0.06
0.07
0.09
0.09
0.09
0.11
0.11
0.10
0.11
0.11
0.11
0.11
0.11
0.11
0.10
0.10
0.10
0.09
0.10
0.09
0.08
0.11
0.11
0.10
0.11
0.09
0.07
0.07
0.08
0.08
0.09
0.10
0.11
0.10
0.11
0.12
0.11
0.10
0.09
0.10
0.08
0.08
0.08
0.10
0.09
0.10
0.10
0.10
0.09
0.08
0.08
0.09
0.09
0.08
0.08
0.10
0.11
0.10
0.10
0.10
0.11
0.11
0.09
0.10
0.10
0.10
0.10
0.10
0.10
0.11
0.11
0.11
0.11
0.10
0.11
0.10
0.11
0.11
0.11
0.11
0.09
0.09
0.09
0.11
0.10
0.11
0.10
0.10
0.10
0.10
0.09
0.10
0.11
0.11
0.11
0.11
0.11
0.10
0.09
0.11
0.09
0.08
0.11
0.13
0.12
0.11
0.08
0.08
0.11
0.10
0.10
0.09
0.09
0.09
0.11
0.11
0.12
0.09
0.09
0.09
0.11
0.10
0.03
0.08
0.32
0.13
0.12
0.12
0.10
0.15
0.13
0.12
0.12
0.05
0.13
0.10
0.09
0.11
0.09
0.09
0.11
0.12
0.14
0.11
0.13
0.13
0.09
0.11
0.09
0.10
0.08
0.10
0.08
0.08
0.11
0.09
0.09
0.13
0.11
0.14
0.09
0.12
0.13
0.10
0.13
0.11
0.09
0.10
0.06
0.05
0.08
0.06
0.06
0.07
0.09
0.16
0.21
0.33
0.37
0.32
0.28
0.14
0.07
0.09
0.11
0.25
0.28
0.22
0.18
0.12
0.06
0.17
0.37
0.72
1.05
1.00
0.28
0.33
0.66
0.35
0.12
0.36
0.17
0.25
0.61
0.55
0.26
0.29
0.36
0.17
0.09
0.24
0.64
1.06
1.38
0.09
0.34
1.20
0.37
0.08
0.63
0.26
0.37
1.00
0.36
0.38
0.73
0.45
0.19
0.12
0.34
1.20
1.41
0.21
0.59
1.41
0.42
0.36
0.86
0.33
0.75
1.28
0.62
0.46
0.74
0.51
0.15
0.18
0.25
1.17
1.41
0.61
0.43
1.41
0.64
0.32
0.91
0.51
0.53
1.34
0.90
0.26
0.78
0.52
0.20
0.27
0.12
0.85
1.41
1.41
0.22
1.13
1.41
0.33
0.64
0.86
0.35
0.92
1.35
0.51
0.49
0.76
0.29
0.22
0.28
0.36
1.24
1.41
1.41
0.43
1.20
1.12
0.29
0.61
0.69
0.22
1.17
1.22
0.36
0.58
0.74
0.28
0.27
0.24
0.49
1.17
1.41
1.41
0.43
0.83
1.18
0.36
0.29
0.50
0.31
0.77
1.20
0.41
0.30
0.78
0.38
0.09
0.13
0.40
0.85
1.13
0.83
0.76
0.60
0.35
0.40
0.04
0.21
0.14
0.65
0.46
0.45
0.24
0.30
0.41
0.17
0.12
0.32
0.52
0.55
0.36
0.30
0.11
0.11
0.26
0.41
0.19
0.12
0.26
0.25
0.23
0.15
0.07
0.02
0.06
0.04
0.12
0.20
0.25
0.29
0.30
0.27
0.16
0.24
0.28
0.22
0.08
0.01
0.11
0.09
0.17
0.06
0.04
0.12
0.08
0.15
0.16
0.18
0.11
0.12
0.14
0.14
0.18
0.15
0.05
0.14
0.12
0.13
0.15
0.05
0.11
0.10
0.11
0.08
0.15
0.13
0.11
0.13
0.14
0.17
0.11
0.08
0.05
0.08
0.10
0.08
0.12
0.11
0.12
0.08
0.12
0.13
0.15
0.12
0.13
0.05
0.14
0.12
0.19
0.20
0.07
0.15
0.15
0.12
0.16
0.10
0.08
0.13
0.12
0.18
0.17
0.11
0.14
0.16
0.11
0.08
0.09
0.09
0.08
0.10
0.11
0.07
0.15
0.16
0.10
0.07
0.03
0.11
0.11
0.13
0.09
0.17
0.15
0.19
0.14
0.15
0.10
0.06
0.03
0.11
0.17
0.08
0.08
0.09
0.12
0.08
0.09
0.07
0.11
0.09
0.17
0.11
0.09
0.13
0.08
0.09
0.10
0.13
0.10
0.12
0.11
0.08
0.14
0.11
0.14
0.16
0.08
0.14
0.14
0.12
0.13
0.11
0.13
0.12
0.13
0.08
0.12
0.10
0.09
0.08
0.08
0.12
0.12
0.09
0.13
0.13
0.15
0.16
0.06
0.13
0.16
0.19
0.04
0.16
0.12
0.16
0.13
0.11
0.10
0.09
0.16
0.11
0.17
0.15
0.16
0.10
0.16
0.17
0.14
0.12
0.12
0.07
0.08
0.10
0.12
0.10
0.14
0.10
0.09
0.13
0.16
0.14
0.12
0.09
0.13
0.12
0.15
0.10
0.09
0.07
0.12
0.09
0.13
0.09
0.12
0.13
0.14
0.15
0.13
0.10
0.07
0.03
0.02
0.01
0.06
0.03
0.03
0.03
0.08
0.25
0.40
0.54
0.66
0.64
0.50
0.18
0.32
0.40
0.40
0.50
0.64
0.58
0.44
0.21
0.25
0.72
0.92
1.30
1.41
0.97
0.16
0.45
0.56
0.19
0.16
0.45
0.77
0.92
0.29
0.07
0.23
0.25
0.05
0.55
1.09
1.41
1.41
0.39
0.60
0.68
0.32
0.34
0.38
0.81
1.21
0.79
0.34
0.40
0.40
0.19
0.17
0.83
1.27
1.41
1.04
0.72
0.74
0.52
0.37
0.35
0.62
0.91
0.97
0.29
0.50
0.34
0.18
0.12
0.28
0.91
1.33
1.41
0.64
0.81
0.55
0.35
0.45
0.26
0.76
0.88
0.69
0.32
0.51
0.24
0.09
0.08
0.42
0.89
1.28
1.31
0.43
0.66
0.38
0.22
0.49
0.34
0.81
0.81
0.55
0.39
0.35
0.08
0.04
0.10
0.59
0.94
1.33
1.13
0.42
0.42
0.24
0.23
0.43
0.55
0.77
0.82
0.38
0.37
0.11
0.03
0.06
0.26
0.87
0.76
1.28
1.03
0.32
0.21
0.38
0.24
0.24
0.69
0.64
0.81
0.29
0.29
0.07
0.13
0.02
0.42
0.81
0.74
1.31
0.92
0.29
0.20
0.47
0.27
0.26
0.59
0.69
0.82
0.18
0.20
0.16
0.13
0.09
0.43
0.72
0.92
1.32
0.71
0.29
0.32
0.36
0.23
0.18
0.56
0.70
0.66
0.16
0.18
0.20
0.10
0.11
0.39
0.59
0.77
0.80
0.49
0.22
0.07
0.12
0.10
0.16
0.33
0.34
0.42
0.16
0.25
0.07
0.06
0.17
0.25
0.32
0.45
0.74
0.96
0.90
0.40
0.12
0.30
0.30
0.32
0.41
0.51
0.41
0.37
0.12
0.14
0.32
0.35
0.31
0.50
0.83
1.09
0.86
0.36
0.19
0.36
0.33
0.35
0.39
0.50
0.47
0.37
0.10
0.18
0.35
0.33
0.33
0.49
0.75
1.08
0.92
0.41
0.17
0.41
0.29
0.39
0.33
0.51
0.43
0.37
0.11
0.16
0.33
0.29
0.29
0.42
0.72
1.03
1.00
0.56
0.26
0.54
0.26
0.27
0.22
0.71
0.75
0.28
0.26
0.27
0.20
0.20
0.19
0.49
0.83
1.34
0.84
0.23
0.25
0.25
0.33
0.14
0.25
0.81
0.54
0.19
0.36
0.18
0.11
0.07
0.35
0.64
0.92
1.18
1.07
0.45
0.38
0.23
0.44
0.39
0.41
0.88
0.60
0.01
0.26
0.23
0.23
0.01
0.26
0.58
0.73
1.04
1.11
0.47
0.53
0.09
0.21
0.37
0.57
0.77
0.74
0.11
0.12
0.12
0.29
0.09
0.28
0.57
0.61
0.99
1.16
0.50
0.70
0.07
0.15
0.31
0.60
0.76
0.65
0.19
0.18
0.08
0.29
0.11
0.34
0.54
0.64
1.02
1.24
0.46
0.80
0.04
0.18
0.36
0.66
0.79
0.62
0.13
0.13
0.12
0.30
0.11
0.36
0.58
0.66
1.03
1.39
0.57
0.98
0.06
0.36
0.50
0.78
0.76
0.44
0.21
0.18
0.10
0.18
0.15
0.43
0.62
0.76
1.09
1.36
0.61
0.99
0.11
0.47
0.50
1.13
0.93
0.36
0.21
0.15
0.22
0.18
0.10
0.40
0.60
0.74
1.00
1.34
0.69
1.06
0.11
0.47
0.65
1.09
1.21
0.44
0.31
0.36
0.38
0.22
0.07
0.38
0.62
0.70
1.04
1.23
0.61
1.13
0.42
0.26
0.78
0.62
1.41
0.79
0.23
0.64
0.24
0.25
0.07
0.15
0.61
0.59
0.49
0.67
0.34
0.06
0.25
0.34
0.15
0.15
0.16
0.16
0.06
0.21
0.22
0.13
0.10
0.06
0.14
0.09
0.06
0.14
0.26
0.28
0.23
0.22
0.27
0.28
0.17
0.08
0.03
0.06
0.12
0.12
0.08
0.03
0.00
0.02
0.06
0.12
0.21
0.25
0.23
0.21
0.18
0.23
0.21
0.16
0.12
0.02
0.04
0.05
0.05
0.02
0.04
0.03
0.09
0.15
0.19
0.21
0.21
0.18
0.11
0.16
0.15
0.13
0.14
0.11
0.11
0.08
0.08
0.08
0.03
0.06
0.10
0.13
0.13
0.13
0.16
0.16
0.16
0.17
0.16
0.12
0.13
0.12
0.13
0.09
0.08
0.10
0.08
0.08
0.07
0.09
0.09
0.08
0.10
0.09
0.06
0.09
0.13
0.13
0.12
0.11
0.11
0.07
0.07
0.07
0.07
0.06
0.06
0.06
0.04
0.04
0.06
0.07
0.06
0.09
0.14
0.16
0.15
0.13
0.11
0.09
0.06
0.05
0.04
0.02
0.03
0.03
0.04
0.08
0.12
0.12
0.12
0.11
0.13
0.13
0.11
0.09
0.09
0.08
0.08
0.07
0.07
0.07
0.09
0.07
0.07
0.09
0.12
0.13
0.15
0.14
0.17
0.18
0.16
0.15
0.14
0.13
0.11
0.11
0.09
0.11
0.11
0.11
0.10
0.11
0.10
0.12
0.13
0.13
0.16
0.18
0.20
0.22
0.23
0.24
0.24
0.23
0.24
0.24
0.25
0.25
0.23
0.24
0.23
0.23
0.22
0.18
0.14
0.11
0.06
0.03
0.03
0.04
0.06
0.07
0.09
0.11
0.13
0.15
0.14
0.16
0.16
0.14
0.11
0.07
0.05
0.03
0.02
0.05
0.10
0.13
0.16
0.17
0.17
0.18
0.17
0.14
0.12
0.11
0.08
0.04
0.02
0.02
0.04
0.07
0.09
0.08
0.08
0.10
0.11
0.11
0.13
0.11
0.06
0.07
0.06
0.09
0.05
0.11
0.04
0.09
0.05
0.15
0.09
0.21
0.16
0.16
0.18
0.14
0.13
0.10
0.06
0.09
0.04
0.06
0.04
0.04
0.08
0.09
0.17
0.28
0.42
0.49
0.57
0.47
0.16
0.06
0.16
0.21
0.14
0.20
0.22
0.13
0.07
0.32
0.38
0.35
0.40
0.29
0.22
0.14
0.09
0.14
0.04
0.05
0.07
0.03
0.05
0.03
0.02
0.00
0.03
0.03
0.27
0.31
0.26
0.12
0.33
0.09
0.18
0.23
0.04
0.35
0.17
0.25
0.39
0.15
0.39
0.18
0.10
0.17
0.06
0.06
0.28
0.35
0.19
0.23
0.38
0.16
0.37
0.43
0.47
0.52
0.07
0.36
1.04
1.41
1.41
1.41
1.41
1.41
1.41
1.03
0.63
1.22
1.39
1.21
0.83
0.41
0.68
1.41
1.41
1.17
0.46
0.28
1.20
1.41
1.41
1.41
0.33
0.38
0.25
0.94
0.77
0.34
0.94
0.78
0.56
1.40
1.41
1.03
1.41
1.41
1.02
1.25
1.18
0.37
1.41
1.41
0.83
0.75
0.74
0.60
1.31
0.92
0.83
1.41
1.41
1.01
1.41
1.41
0.47
1.41
1.38
0.47
1.41
1.41
0.47
1.00
0.83
0.66
0.74
0.24
1.26
1.41
1.41
1.14
1.41
1.41
0.52
1.41
1.00
1.13
1.41
1.41
0.66
0.87
0.37
1.25
0.83
0.30
1.30
1.41
1.41
1.04
1.41
1.41
0.55
1.39
0.53
1.41
1.41
1.02
0.47
0.58
0.55
0.98
0.51
0.59
1.28
1.35
1.39
0.59
1.41
1.08
0.45
1.41
0.68
1.09
1.41
1.01
0.78
0.75
0.38
0.56
0.17
0.63
1.18
1.18
1.30
0.68
1.39
0.98
0.35
1.13
0.40
1.17
1.41
1.01
0.40
0.20
0.47
0.46
0.09
0.52
0.85
0.81
1.33
1.08
0.92
0.90
0.61
0.97
0.51
0.79
1.41
0.57
0.45
0.35
0.32
0.26
0.10
0.48
0.80
0.86
1.28
1.20
1.01
0.90
0.75
0.87
0.68
0.74
1.41
1.01
0.40
0.35
0.31
0.38
0.09
0.47
0.83
0.76
1.22
1.41
0.83
0.98
0.75
0.81
0.89
0.57
1.35
1.03
0.45
0.45
0.20
0.36
0.09
0.39
0.85
0.83
1.25
1.41
0.65
1.10
0.65
0.62
1.13
0.47
1.20
1.14
0.41
0.49
0.19
0.39
0.12
0.27
0.75
0.90
1.13
1.41
0.67
1.21
0.81
0.51
1.14
0.51
1.16
1.41
0.37
0.45
0.22
0.34
0.26
0.13
0.59
0.90
1.01
1.41
0.85
1.37
0.85
0.47
1.33
0.51
0.92
1.41
0.56
0.62
0.37
0.12
0.31
0.12
0.52
1.06
1.16
1.41
1.03
1.27
0.98
0.48
1.18
0.91
0.76
1.26
1.04
0.64
0.52
0.29
0.28
0.20
0.37
0.87
1.30
1.41
1.19
1.06
1.20
0.57
0.83
1.24
0.53
1.21
1.37
0.44
0.75
0.34
0.17
0.42
0.19
0.55
1.16
1.41
1.39
0.68
1.41
0.95
0.35
1.26
0.58
0.77
1.37
1.04
0.42
0.55
0.38
0.20
0.39
0.17
0.70
1.31
1.41
1.05
1.10
1.36
0.78
0.56
0.97
0.25
0.65
1.15
0.75
0.28
0.54
0.49
0.18
0.35
0.14
0.67
1.26
1.39
0.67
0.69
0.98
0.68
0.29
0.55
0.17
0.31
0.73
0.67
0.16
0.48
0.55
0.16
0.26
0.11
0.48
1.01
1.20
0.78
0.25
0.59
0.55
0.23
0.25
0.13
0.10
0.43
0.59
0.22
0.29
0.48
0.23
0.11
0.08
0.33
0.69
0.92
0.85
0.39
0.15
0.36
0.38
0.14
0.04
0.06
0.19
0.41
0.34
0.13
0.35
0.30
0.10
0.09
0.22
0.39
0.61
0.74
0.71
0.34
0.10
0.30
0.40
0.18
0.04
0.04
0.18
0.41
0.25
0.07
0.24
0.29
0.11
0.17
0.18
0.35
0.60
0.77
0.71
0.28
0.13
0.37
0.47
0.18
0.02
0.01
0.17
0.50
0.32
0.13
0.31
0.36
0.09
0.09
0.16
0.41
0.73
0.82
0.75
0.24
0.28
0.49
0.45
0.13
0.16
0.05
0.37
0.66
0.34
0.27
0.47
0.32
0.06
0.09
0.26
0.54
0.94
0.96
0.73
0.32
0.74
0.58
0.22
0.45
0.31
0.36
0.73
0.78
0.24
0.56
0.51
0.16
0.31
0.14
0.53
1.03
1.31
1.03
0.38
1.31
0.82
0.17
0.69
0.56
0.80
1.25
0.74
0.36
0.83
0.36
0.10
0.26
0.25
0.82
1.05
1.27
1.22
0.64
1.05
0.79
0.39
0.92
0.71
1.04
1.29
0.46
0.47
0.68
0.17
0.25
0.17
0.23
0.53
0.61
0.89
1.05
0.64
1.36
1.41
0.22
0.50
0.42
1.41
1.41
0.30
0.81
0.81
0.09
0.31
0.37
0.29
0.25
0.11
0.33
0.89
0.77
1.19
1.41
0.47
1.23
1.03
1.24
1.17
0.76
1.01
0.41
0.40
0.41
0.62
0.46
0.59
0.81
1.08
1.41
1.41
1.06
